9,6
3,24
5,42
5,60
3,78
9,96
3,114
5,132
5,150
3,168
9,186
3,204
5,222
5,240
3,258
9,276
3,294
5,12
5,30
3,48
9,66
3,84
5,102
5,120
3,138
9,156
3,174
5,192
5,210
3,228
9,246
3,264
5,282
5,200
3,18
9,36
3,54
5,72
5,90
3,108
9,126
3,144
5,162
5,180
3,198
9,216
3,234
5,252
5,270
3,288
9,6
3,24
5,42
5,60
3,78
9,96
3,114
5,132
5,150
3,168
9,186
3,204
5,222
5,240
3,258
9,276
3,294
5,12
5,30
3,48
9,66
3,84
5,102
5,120
3,138
9,156
3,174
5,192
5,210
3,228
9,246
3,264
5,282
5,200
3,18
9,36
3,54
5,72
5,90
3,108
9,126
3,144
5,162
5,180
3,198
9,216
3,234
5,252
5,270
3,288
9,6
3,24
5,42
5,60
3,78
9,96
3,114
5,132
5,150
3,168
9,186
3,204
5,222
5,240
3,258
9,276
3,294
5,12
5,30
3,48
9,66
3,84
5,102
5,120
3,138
9,156
3,174
5,192
5,210
3,228
9,246
3,264
5,282
5,200
3,18
9,36
3,54
5,72
5,90
3,108
9,126
3,144
5,162
5,180
3,198
9,216
3,234
5,252
5,270
3,288
9,6
3,24
5,42
5,60
3,78